RealFunc-M320_T179_8.txt
Fit Parameter:  ['A', 'Center', 'q', 'D']
Initial Parameter:  [1.52701345, -0.04892301, 1.50104867, 0.01113391]
Final Parameter:  [ 1.73294635 -0.06682316  1.61515822 -0.00930256]
Error:  [0.43990701 0.05922259 0.14530052 0.0017086 ]
Chi2:  3.9868735650434535

txt_cov:  [[ 1.93518181e-01 -3.53018442e-04  6.27558901e-02 -2.21513814e-04]
 [-3.53018442e-04  3.50731546e-03 -8.00727917e-05  2.83124165e-06]
 [ 6.27558901e-02 -8.00727917e-05  2.11122406e-02 -2.94869984e-05]
 [-2.21513814e-04  2.83124165e-06 -2.94869984e-05  2.91930262e-06]]
output of least square fit
[ 1.73294635 -0.06682316  1.61515822 -0.00930256]
[[ 1.93518181e-01 -3.53018442e-04  6.27558901e-02 -2.21513814e-04]
 [-3.53018442e-04  3.50731546e-03 -8.00727917e-05  2.83124165e-06]
 [ 6.27558901e-02 -8.00727917e-05  2.11122406e-02 -2.94869984e-05]
 [-2.21513814e-04  2.83124165e-06 -2.94869984e-05  2.91930262e-06]]
{'fvec': array([0.03069464, 0.03042632, 0.03029218, ..., 0.0416041 , 0.04170792,
       0.04191526]), 'nfev': 26, 'fjac': array([[ 1.79699906e+03,  1.36934911e-02,  1.36934922e-02, ...,
         1.36934913e-02,  1.36934917e-02,  1.36934917e-02],
       [-9.99636008e+01,  3.62539127e+01,  1.73887997e-02, ...,
         1.64542746e-02,  1.64564971e-02,  1.64609435e-02],
       [-2.62958942e-01, -3.55722125e-01, -1.68869983e+01, ...,
        -6.93208682e-03, -6.92621677e-03, -6.91608781e-03],
       [ 3.44736189e+01, -1.17574076e+01, -3.08054870e-02, ...,
         1.72879491e-02,  1.73025784e-02,  1.73317965e-02]]), 'ipvt': array([4, 3, 2, 1], dtype=int32), 'qtf': array([-3.14605424e-07, -1.97258003e-05, -6.63394792e-05,  1.03396831e-04])}
Both actual and predicted relative reductions in the sum of squares
  are at most 0.000000
1
