RealFunc-M920_T181_7.txt
Fit Parameter:  ['A', 'Center', 'q', 'D']
Initial Parameter:  [ 3.75644772e+01  8.32883157e-03  5.19192940e+00 -1.40303243e-03]
Final Parameter:  [ 4.20806747e+01  1.35316641e-02  5.28974897e+00 -1.43213477e-03]
Error:  [5.88699612e+00 6.11146521e-02 1.76706359e-01 1.73289909e-04]
Chi2:  2.9795759594528923

txt_cov:  [[ 3.46567233e+01 -1.07607092e-03  7.38622986e-01 -1.31989197e-04]
 [-1.07607092e-03  3.73500070e-03  9.28496800e-04  1.37635897e-06]
 [ 7.38622986e-01  9.28496800e-04  3.12251374e-02  1.83769789e-05]
 [-1.31989197e-04  1.37635897e-06  1.83769789e-05  3.00293926e-08]]
output of least square fit
[ 4.20806747e+01  1.35316641e-02  5.28974897e+00 -1.43213477e-03]
[[ 3.46567233e+01 -1.07607092e-03  7.38622986e-01 -1.31989197e-04]
 [-1.07607092e-03  3.73500070e-03  9.28496800e-04  1.37635897e-06]
 [ 7.38622986e-01  9.28496800e-04  3.12251374e-02  1.83769789e-05]
 [-1.31989197e-04  1.37635897e-06  1.83769789e-05  3.00293926e-08]]
{'fvec': array([0.04920225, 0.04863611, 0.04835305, ..., 0.0671148 , 0.06740566,
       0.06798745]), 'nfev': 21, 'fjac': array([[ 4.36371961e+04,  1.36934918e-02,  1.36934917e-02, ...,
         1.36934918e-02,  1.36934923e-02,  1.36934913e-02],
       [-8.32644153e-01, -1.64923506e+01,  1.62492123e-02, ...,
        -1.85494430e-02, -1.85507451e-02, -1.85532156e-02],
       [-5.96698421e+01,  1.01344204e+00,  8.03654938e+00, ...,
         2.84976380e-02,  2.85169445e-02,  2.85555154e-02],
       [ 1.43788145e+00, -2.21111071e-02, -1.71279323e-01, ...,
         2.36551122e-03,  2.38680004e-03,  2.42939022e-03]]), 'ipvt': array([4, 2, 3, 1], dtype=int32), 'qtf': array([ 2.33173865e-09,  1.50289121e-06, -1.36994527e-07, -7.65856119e-08])}
Both actual and predicted relative reductions in the sum of squares
  are at most 0.000000 and the relative error between two consecutive iterates is at 
  most 0.000000
3
