RealFunc-M465_T181_0.txt
Fit Parameter:  ['A', 'Center', 'q', 'D']
Initial Parameter:  [ 3.38921636 -0.01444789  2.12596437 -0.00672474]
Final Parameter:  [ 5.64566558e+00  2.61186274e-02  2.59552354e+00 -4.98965851e-03]
Error:  [1.24287965e+00 6.37959821e-02 1.69044381e-01 6.51327672e-04]
Chi2:  5.200948956320679

txt_cov:  [[ 1.54474983e+00 -3.47875349e-03  2.01854266e-01 -1.72565694e-04]
 [-3.47875349e-03  4.06992733e-03 -2.64830965e-04  3.30063280e-06]
 [ 2.01854266e-01 -2.64830965e-04  2.85760028e-02  6.19788137e-06]
 [-1.72565694e-04  3.30063280e-06  6.19788137e-06  4.24227737e-07]]
output of least square fit
[ 5.64566558e+00  2.61186274e-02  2.59552354e+00 -4.98965851e-03]
[[ 1.54474983e+00 -3.47875349e-03  2.01854266e-01 -1.72565694e-04]
 [-3.47875349e-03  4.06992733e-03 -2.64830965e-04  3.30063280e-06]
 [ 2.01854266e-01 -2.64830965e-04  2.85760028e-02  6.19788137e-06]
 [-1.72565694e-04  3.30063280e-06  6.19788137e-06  4.24227737e-07]]
{'fvec': array([0.03454132, 0.03419712, 0.03402496, ..., 0.04552264, 0.04569776,
       0.04604787]), 'nfev': 26, 'fjac': array([[ 5.85452838e+03,  1.36934907e-02,  1.36934916e-02, ...,
         1.36934924e-02,  1.36934917e-02,  1.36934915e-02],
       [-7.64652101e+01,  2.13657326e+01,  2.14955513e-02, ...,
         1.91080655e-02,  1.91135875e-02,  1.91246201e-02],
       [-6.25254101e-01, -9.98000984e-01, -1.56900763e+01, ...,
        -1.32320100e-02, -1.32291821e-02, -1.32234617e-02],
       [ 1.06444062e+01, -2.79413275e+00, -3.53338172e-02, ...,
         1.60668235e-02,  1.60858858e-02,  1.61240278e-02]]), 'ipvt': array([4, 3, 2, 1], dtype=int32), 'qtf': array([-3.98793523e-07,  7.60226419e-06,  3.23694292e-05, -2.74796147e-05])}
Both actual and predicted relative reductions in the sum of squares
  are at most 0.000000
1
