RealFunc-M622_T181_6.txt
Fit Parameter:  ['A', 'Center', 'q', 'D']
Initial Parameter:  [ 1.12948625e+01  5.90696606e-02  3.37183870e+00 -3.13930947e-03]
Final Parameter:  [ 1.25898092e+01  1.51659045e-02  3.59139477e+00 -2.59913864e-03]
Error:  [2.62993981e+00 6.73774058e-02 1.88818384e-01 4.01426836e-04]
Chi2:  4.962193316050452

txt_cov:  [[ 6.91658339e+00 -7.25130840e-03  4.54461843e-01 -4.09510235e-04]
 [-7.25130840e-03  4.53971482e-03 -2.88603053e-05  2.79083011e-06]
 [ 4.54461843e-01 -2.88603053e-05  3.56523821e-02  6.38787038e-07]
 [-4.09510235e-04  2.79083011e-06  6.38787038e-07  1.61143505e-07]]
output of least square fit
[ 1.25898092e+01  1.51659045e-02  3.59139477e+00 -2.59913864e-03]
[[ 6.91658339e+00 -7.25130840e-03  4.54461843e-01 -4.09510235e-04]
 [-7.25130840e-03  4.53971482e-03 -2.88603053e-05  2.79083011e-06]
 [ 4.54461843e-01 -2.88603053e-05  3.56523821e-02  6.38787038e-07]
 [-4.09510235e-04  2.79083011e-06  6.38787038e-07  1.61143505e-07]]
{'fvec': array([0.05871096, 0.04829191, 0.0480824 , ..., 0.0341085 , 0.034323  ,
       0.03475194]), 'nfev': 26, 'fjac': array([[ 1.30553819e+04,  1.36934928e-02,  1.36934916e-02, ...,
         1.36934924e-02,  1.36934920e-02,  1.36934920e-02],
       [-6.75161822e-01, -1.49112292e+01,  1.32494133e-02, ...,
        -1.51868478e-02, -1.51857280e-02, -1.51835542e-02],
       [-6.20435828e+01,  1.15241983e+00,  1.31403223e+01, ...,
         2.38674099e-02,  2.38762947e-02,  2.38940681e-02],
       [ 4.84890528e+00, -9.13538850e-02, -8.63399563e-01, ...,
         1.38050052e-02,  1.38291046e-02,  1.38773157e-02]]), 'ipvt': array([4, 2, 3, 1], dtype=int32), 'qtf': array([-1.98977967e-07, -7.40155078e-05, -1.01508651e-05,  4.07971570e-05])}
Both actual and predicted relative reductions in the sum of squares
  are at most 0.000000
1
