RealFunc-M980_T181_8.txt
Fit Parameter:  ['A', 'Center', 'q', 'D']
Initial Parameter:  [ 4.20806747e+01  1.35316641e-02  5.28974897e+00 -1.43213477e-03]
Final Parameter:  [ 5.14013812e+01  4.00642502e-02  5.64109025e+00 -1.24582559e-03]
Error:  [6.63553606e+00 6.12089059e-02 1.83078634e-01 1.52896444e-04]
Chi2:  3.1902656676142342

txt_cov:  [[ 4.40303388e+01  4.04859898e-03  8.07883792e-01 -8.41416398e-05]
 [ 4.04859898e-03  3.74653016e-03  1.30295299e-03  1.41800258e-06]
 [ 8.07883792e-01  1.30295299e-03  3.35177863e-02  1.91302229e-05]
 [-8.41416398e-05  1.41800258e-06  1.91302229e-05  2.33773225e-08]]
output of least square fit
[ 5.14013812e+01  4.00642502e-02  5.64109025e+00 -1.24582559e-03]
[[ 4.40303388e+01  4.04859898e-03  8.07883792e-01 -8.41416398e-05]
 [ 4.04859898e-03  3.74653016e-03  1.30295299e-03  1.41800258e-06]
 [ 8.07883792e-01  1.30295299e-03  3.35177863e-02  1.91302229e-05]
 [-8.41416398e-05  1.41800258e-06  1.91302229e-05  2.33773225e-08]]
{'fvec': array([0.0305693 , 0.02999133, 0.02970236, ..., 0.01301288, 0.01330696,
       0.01389522]), 'nfev': 21, 'fjac': array([[ 5.33026907e+04,  1.36934917e-02,  1.36934917e-02, ...,
         1.36934917e-02,  1.36934915e-02,  1.36934917e-02],
       [-9.73786830e-01, -1.65172977e+01,  1.64628803e-02, ...,
        -1.88360970e-02, -1.88381236e-02, -1.88421093e-02],
       [-5.88831107e+01,  1.08557707e+00,  7.31380833e+00, ...,
         2.83982549e-02,  2.84201391e-02,  2.84638941e-02],
       [ 1.18235813e+00, -1.83997722e-02, -1.34196270e-01, ...,
        -1.66803758e-03, -1.64935795e-03, -1.61197938e-03]]), 'ipvt': array([4, 2, 3, 1], dtype=int32), 'qtf': array([ 3.14214509e-06,  1.61626325e-05,  1.99833942e-06, -3.68709085e-06])}
Both actual and predicted relative reductions in the sum of squares
  are at most 0.000000
1
