RealFunc-M680_T181_6.txt
Fit Parameter:  ['A', 'Center', 'q', 'D']
Initial Parameter:  [ 1.25898092e+01  1.51659045e-02  3.59139477e+00 -2.59913864e-03]
Final Parameter:  [ 1.73884111e+01 -9.22378892e-03  3.94906198e+00 -2.37952974e-03]
Error:  [3.25447418e+00 6.31499286e-02 1.77658334e-01 3.07482089e-04]
Chi2:  5.602815836354755

txt_cov:  [[ 1.05916022e+01 -6.11464901e-03  5.12637277e-01 -2.86112360e-04]
 [-6.11464901e-03  3.98791349e-03  1.42795625e-04  1.85175953e-06]
 [ 5.12637277e-01  1.42795625e-04  3.15624835e-02  9.92749830e-06]
 [-2.86112360e-04  1.85175953e-06  9.92749830e-06  9.45452348e-08]]
output of least square fit
[ 1.73884111e+01 -9.22378892e-03  3.94906198e+00 -2.37952974e-03]
[[ 1.05916022e+01 -6.11464901e-03  5.12637277e-01 -2.86112360e-04]
 [-6.11464901e-03  3.98791349e-03  1.42795625e-04  1.85175953e-06]
 [ 5.12637277e-01  1.42795625e-04  3.15624835e-02  9.92749830e-06]
 [-2.86112360e-04  1.85175953e-06  9.92749830e-06  9.45452348e-08]]
{'fvec': array([0.04564927, 0.05517543, 0.05493852, ..., 0.03434076, 0.03458444,
       0.0350718 ]), 'nfev': 38, 'fjac': array([[ 1.80314830e+04,  1.36934926e-02,  1.36934932e-02, ...,
         1.36934925e-02,  1.36934919e-02,  1.36934921e-02],
       [-6.44261360e-01, -1.58993405e+01,  1.41513995e-02, ...,
        -1.60756730e-02, -1.60752664e-02, -1.60744024e-02],
       [-6.34639879e+01,  1.03334873e+00,  1.21710185e+01, ...,
         2.52007206e-02,  2.52113800e-02,  2.52326930e-02],
       [ 3.55839428e+00, -5.91933074e-02, -5.89081583e-01, ...,
         1.27657055e-02,  1.27905777e-02,  1.28403299e-02]]), 'ipvt': array([4, 2, 3, 1], dtype=int32), 'qtf': array([-1.02418720e-07, -5.25458882e-05, -1.13321952e-05,  3.18468839e-05])}
Both actual and predicted relative reductions in the sum of squares
  are at most 0.000000
1
