RealFunc-M575_T181_6.txt
Fit Parameter:  ['A', 'Center', 'q', 'D']
Initial Parameter:  [ 7.95279214e+00  2.19562001e-02  2.96181718e+00 -3.98665873e-03]
Final Parameter:  [ 1.12948625e+01  5.90696606e-02  3.37183870e+00 -3.13930947e-03]
Error:  [2.26946403e+00 6.35816637e-02 1.76470833e-01 4.05024254e-04]
Chi2:  5.746344464112877

txt_cov:  [[ 5.15046699e+00 -8.02340312e-03  3.71952672e-01 -2.56352436e-04]
 [-8.02340312e-03  4.04262796e-03 -1.65103287e-04  3.09777106e-06]
 [ 3.71952672e-01 -1.65103287e-04  3.11419547e-02  6.31208286e-06]
 [-2.56352436e-04  3.09777106e-06  6.31208286e-06  1.64044646e-07]]
output of least square fit
[ 1.12948625e+01  5.90696606e-02  3.37183870e+00 -3.13930947e-03]
[[ 5.15046699e+00 -8.02340312e-03  3.71952672e-01 -2.56352436e-04]
 [-8.02340312e-03  4.04262796e-03 -1.65103287e-04  3.09777106e-06]
 [ 3.71952672e-01 -1.65103287e-04  3.11419547e-02  6.31208286e-06]
 [-2.56352436e-04  3.09777106e-06  6.31208286e-06  1.64044646e-07]]
{'fvec': array([0.04153056, 0.04110414, 0.04089094, ..., 0.03583516, 0.02605387,
       0.02649121]), 'nfev': 21, 'fjac': array([[ 1.17127633e+04,  1.36934918e-02,  1.36934916e-02, ...,
         1.36934915e-02,  1.36934913e-02,  1.36934921e-02],
       [-8.67547754e-01, -1.58311390e+01,  1.25452398e-02, ...,
        -1.47385426e-02, -1.47366620e-02, -1.47329408e-02],
       [-6.78445271e+01,  1.53233583e+00,  1.52844681e+01, ...,
         2.29675145e-02,  2.29754695e-02,  2.29913812e-02],
       [ 5.48117052e+00, -1.35322878e-01, -1.10380258e+00, ...,
         1.35578299e-02,  1.35809507e-02,  1.36272021e-02]]), 'ipvt': array([4, 2, 3, 1], dtype=int32), 'qtf': array([ 3.09063831e-05,  1.40737231e-04, -1.92386778e-06, -4.90349646e-05])}
Both actual and predicted relative reductions in the sum of squares
  are at most 0.000000
1
