RealFunc-M515_T181_5.txt
Fit Parameter:  ['A', 'Center', 'q', 'D']
Initial Parameter:  [ 5.64566558e+00  2.61186274e-02  2.59552354e+00 -4.98965851e-03]
Final Parameter:  [ 7.95279214e+00  2.19562001e-02  2.96181718e+00 -3.98665873e-03]
Error:  [1.68764013e+00 6.39283761e-02 1.74529447e-01 5.11797182e-04]
Chi2:  4.666771890287119

txt_cov:  [[ 2.84812921e+00 -4.81419808e-03  2.79310389e-01 -2.10109431e-04]
 [-4.81419808e-03  4.08683728e-03 -2.15369824e-04  2.91287214e-06]
 [ 2.79310389e-01 -2.15369824e-04  3.04605279e-02  6.06208932e-06]
 [-2.10109431e-04  2.91287214e-06  6.06208932e-06  2.61936356e-07]]
output of least square fit
[ 7.95279214e+00  2.19562001e-02  2.96181718e+00 -3.98665873e-03]
[[ 2.84812921e+00 -4.81419808e-03  2.79310389e-01 -2.10109431e-04]
 [-4.81419808e-03  4.08683728e-03 -2.15369824e-04  2.91287214e-06]
 [ 2.79310389e-01 -2.15369824e-04  3.04605279e-02  6.06208932e-06]
 [-2.10109431e-04  2.91287214e-06  6.06208932e-06  2.61936356e-07]]
{'fvec': array([0.01514386, 0.01476026, 0.01456843, ..., 0.03177653, 0.02197151,
       0.03236138]), 'nfev': 31, 'fjac': array([[ 8.24700056e+03,  1.36934919e-02,  1.36934921e-02, ...,
         1.36934925e-02,  1.36934917e-02,  1.36934916e-02],
       [-7.16015208e+01,  1.80984007e+01,  2.29600814e-02, ...,
         2.02221643e-02,  2.02287328e-02,  2.02418641e-02],
       [-6.64409617e-01, -1.13927165e+00, -1.56581024e+01, ...,
        -1.48584713e-02, -1.48567800e-02, -1.48533861e-02],
       [ 7.62908597e+00, -1.77680002e+00, -2.64669194e-02, ...,
         1.55950887e-02,  1.56165057e-02,  1.56593516e-02]]), 'ipvt': array([4, 3, 2, 1], dtype=int32), 'qtf': array([-5.82759185e-08,  7.67262547e-06,  3.20960675e-05, -2.44524603e-05])}
Both actual and predicted relative reductions in the sum of squares
  are at most 0.000000
1
