RealFunc-M755_T181_6.txt
Fit Parameter:  ['A', 'Center', 'q', 'D']
Initial Parameter:  [ 1.73884111e+01 -9.22378892e-03  3.94906198e+00 -2.37952974e-03]
Final Parameter:  [ 2.51111990e+01 -4.51217325e-03  4.47123567e+00 -1.93920322e-03]
Error:  [4.23609884e+00 6.21086609e-02 1.74340142e-01 2.40946141e-04]
Chi2:  3.2599526081967545

txt_cov:  [[ 1.79445334e+01 -5.95678344e-03  6.11926364e-01 -2.39719423e-04]
 [-5.95678344e-03  3.85748576e-03  3.95391181e-04  1.59971592e-06]
 [ 6.11926364e-01  3.95391181e-04  3.03944850e-02  1.43756008e-05]
 [-2.39719423e-04  1.59971592e-06  1.43756008e-05  5.80550430e-08]]
output of least square fit
[ 2.51111990e+01 -4.51217325e-03  4.47123567e+00 -1.93920322e-03]
[[ 1.79445334e+01 -5.95678344e-03  6.11926364e-01 -2.39719423e-04]
 [-5.95678344e-03  3.85748576e-03  3.95391181e-04  1.59971592e-06]
 [ 6.11926364e-01  3.95391181e-04  3.03944850e-02  1.43756008e-05]
 [-2.39719423e-04  1.59971592e-06  1.43756008e-05  5.80550430e-08]]
{'fvec': array([0.04247537, 0.03195861, 0.04170024, ..., 0.06435893, 0.0646259 ,
       0.06515984]), 'nfev': 21, 'fjac': array([[ 2.60399943e+04,  1.36934930e-02,  1.36934919e-02, ...,
         1.36934917e-02,  1.36934920e-02,  1.36934925e-02],
       [-7.05728475e-01, -1.61840532e+01,  1.51593672e-02, ...,
        -1.73005611e-02, -1.73005612e-02, -1.73010707e-02],
       [-6.15907240e+01,  1.01672524e+00,  1.02451327e+01, ...,
         2.68685065e-02,  2.68821972e-02,  2.69096366e-02],
       [ 2.44793639e+00, -4.00437205e-02, -3.49369174e-01, ...,
         9.50180311e-03,  9.52637756e-03,  9.57555443e-03]]), 'ipvt': array([4, 2, 3, 1], dtype=int32), 'qtf': array([ 2.27553931e-05,  9.33471165e-05, -2.03681971e-05,  9.56251518e-06])}
Both actual and predicted relative reductions in the sum of squares
  are at most 0.000000
1
