RealFunc-M410_T180_5.txt
Fit Parameter:  ['A', 'Center', 'q', 'D']
Initial Parameter:  [ 1.73294635 -0.06682316  1.61515822 -0.00930256]
Final Parameter:  [ 3.38921636 -0.01444789  2.12596437 -0.00672474]
Error:  [0.79210625 0.06297855 0.15987754 0.00096511]
Chi2:  7.06779175016733

txt_cov:  [[ 6.27432311e-01 -1.45573457e-03  1.23148445e-01 -1.63575080e-04]
 [-1.45573457e-03  3.96629716e-03 -1.90145698e-04  3.17816271e-06]
 [ 1.23148445e-01 -1.90145698e-04  2.55608287e-02  1.40337307e-06]
 [-1.63575080e-04  3.17816271e-06  1.40337307e-06  9.31440835e-07]]
output of least square fit
[ 3.38921636 -0.01444789  2.12596437 -0.00672474]
[[ 6.27432311e-01 -1.45573457e-03  1.23148445e-01 -1.63575080e-04]
 [-1.45573457e-03  3.96629716e-03 -1.90145698e-04  3.17816271e-06]
 [ 1.23148445e-01 -1.90145698e-04  2.55608287e-02  1.40337307e-06]
 [-1.63575080e-04  3.17816271e-06  1.40337307e-06  9.31440835e-07]]
{'fvec': array([0.00218339, 0.001885  , 0.00173569, ..., 0.04362364, 0.05376701,
       0.04405341]), 'nfev': 31, 'fjac': array([[ 3.51470318e+03,  1.36934924e-02,  1.36934918e-02, ...,
         1.36934919e-02,  1.36934922e-02,  1.36934919e-02],
       [-8.46971649e+01,  2.68440573e+01,  1.95032694e-02, ...,
         1.78958547e-02,  1.78997969e-02,  1.79076543e-02],
       [-4.39406302e-01, -6.47418053e-01, -1.58851883e+01, ...,
        -1.04008467e-02, -1.03940642e-02, -1.03804492e-02],
       [ 1.75391068e+01, -5.27028386e+00, -3.68559561e-02, ...,
         1.69580006e-02,  1.69746328e-02,  1.70079191e-02]]), 'ipvt': array([4, 3, 2, 1], dtype=int32), 'qtf': array([-1.15713627e-06,  3.51038809e-05,  1.64400850e-04, -1.50015933e-04])}
Both actual and predicted relative reductions in the sum of squares
  are at most 0.000000
1
